Camera:
At: -2.3643525 2.0722952 2.0264993
Forward: 0.6282180 -0.3486778 -0.6955153
Up: 0.2197803 0.9370723 -0.2712604
Psi: -0.3718679
Theta: -0.7279199
Phi: 0.0235109
